MapChip01.bmp
10 40
8 8 8 8 8 8 8 8 8 8 
8 0 0 0 0 0 0 0 0 8 
8 0 0 0 0 0 0 0 0 8 
8 0 0 0 0 0 0 0 0 8 
8 0 0 0 0 0 0 0 0 8 
8 0 0 0 0 0 0 0 0 8 
8 0 0 0 0 0 0 0 0 8 
8 0 0 0 0 0 0 0 0 8 
8 0 0 0 0 0 0 0 0 8 
8 0 0 0 0 0 0 0 0 8 
8 0 0 0 0 0 0 0 0 8 
8 0 0 0 0 0 0 0 0 8 
8 0 0 0 0 0 0 0 0 8 
8 0 0 0 0 0 0 0 0 8 
8 0 0 0 0 0 0 0 0 8 
8 0 0 0 0 0 0 0 0 8 
8 0 0 0 0 0 0 0 0 8 
8 0 0 0 0 0 0 0 0 8 
8 0 0 0 0 0 0 0 0 8 
8 0 0 0 0 0 0 0 0 8 
8 0 0 0 0 0 0 0 0 8 
8 0 0 0 0 0 0 0 0 8 
8 0 0 0 0 0 0 0 0 8 
8 0 0 0 0 0 0 0 0 8 
8 0 0 0 0 0 0 0 0 8 
8 0 0 0 0 0 0 0 0 8 
8 0 0 0 0 0 0 0 0 8 
8 0 0 0 0 0 0 0 0 8 
8 0 0 0 0 0 0 0 0 8 
8 0 0 0 0 0 0 0 0 8 
8 0 0 0 0 0 0 0 0 8 
8 0 0 0 0 0 0 0 0 8 
8 0 0 0 0 0 0 0 0 8 
8 0 0 0 0 0 0 0 0 8 
8 0 0 0 0 0 0 0 0 8 
8 0 0 0 0 0 0 0 0 8 
8 0 0 0 0 0 0 0 0 8 
8 0 0 0 0 0 0 0 0 8 
8 0 0 0 0 0 0 0 0 8 
8 8 8 8 8 8 8 8 8 8 
